SSE_train_orig,SSE_val_orig,SSE_train_opt,SSE_val_opt
58.37867569779885,854.9501789971534,58.37867569779885,854.9501789971534
60.09114761884184,757.3816111512274,60.086973964889296,763.4837406397202
66.44058106750765,331.81757664389943,65.95800253025337,322.0063213298688
73.94661112287491,584.6739405500609,73.82370462335162,582.926502349316
85.31177824944385,401.4468626342183,85.31177824915027,401.44617817393635
86.06070375318583,373.31921258680006,86.0607037531857,373.3192138644084
90.59188310351432,439.3996653679921,90.12987695017429,440.25304940298224
98.3180460866273,409.5402769429045,97.6590555493685,416.8551080513737
108.55549632183046,391.2834679747406,108.55549632183049,391.2834672180098
126.39132152521002,225.631502986949,126.39132152521002,225.631502986949
136.48408442433333,521.6986989879018,136.48408442433325,521.698694905163
156.19659899931523,412.77822678277414,156.19659899931523,412.77822678277414
162.4505877925132,436.86725197256345,162.4505877925132,436.86725197256345
164.66742574127466,371.34445556152093,164.66742574127466,371.34445556152093
283.00674308072723,376.54811809220007,283.00674308072723,376.54811809220007
291.44889987430986,442.65873472487135,291.4488998743101,442.65873384379745
346.2332938833039,417.8241737567922,346.2332938833039,417.8241737567922
353.528318108808,435.6055297930064,353.52831810880826,435.60552984187626
449.5995375876947,520.9975534650634,449.5995375876947,520.9975534650634
450.3254226107513,526.5892021539464,450.3254226107511,526.5892021569937
793.2146413757094,1195.3837771376511,793.2146413757094,1195.3837771376511
822.8803575531977,1217.6707104225854,822.8803402746959,1217.6955441098028
825.5120311864629,1227.4195455064691,825.5120311864629,1227.4195455064691
64.04241675669604,345.9302424683825,64.04216748781164,346.3625435723577
67.57419277381061,423.18146059778405,67.57213536400808,422.75735115030005
68.88502833732191,493.7596386623872,68.88502833732191,493.7596386623872
76.7818612205336,399.6574674869464,76.78186122053229,399.65749358535203
83.41202219441625,466.1416729190479,83.40022318055286,462.2983991442939
94.08895444362824,550.5310446027016,87.73143646376539,504.86939726427556
95.58149885537549,347.3687259878453,95.58149885537533,347.3687128721257
95.65864674413505,372.64045142056824,95.65864674413494,372.6404483185823
112.99664467312147,383.8651997110834,112.996609380195,383.7679828134262
136.37825244208162,281.9809073919504,136.37825244208162,281.9809073919504
138.45351513107084,183.81592931667643,138.45351513107084,183.81592931667643
147.41638611481682,179.69238867390433,147.41638611481622,179.69238865545492
167.43723529251128,356.7179093754603,167.43723529251128,356.7179093754603
188.96539763391337,303.4989699310837,188.96539763391308,303.49896968300425
312.421232533325,469.16289786803145,312.42123253332477,469.16289786617205
449.6748289412935,526.6666070944153,449.67359024095884,526.8950318561185
450.32542261075133,526.5892021617175,450.32542261075133,526.5892021617175
590.9317645095482,612.2799310910464,590.9317645095481,612.2799310910452
822.8803403326536,1217.694106102978,822.8803402746962,1217.695544757491
825.5120311864631,1227.4195455064676,825.5120311864631,1227.4195455064676
60.740075317702384,353.2848520913484,60.14975137777883,346.5598076578703
61.700441799672085,414.0139897795946,61.700441791823366,414.01830553214296
62.44872951735488,344.4597721812725,62.448287512996814,344.7755218867748
63.636578299158316,334.24312493144856,63.307753074927376,339.04146923125234
64.13910622783851,370.17530756936145,64.12809227667323,369.593034001103
64.67633058818653,374.738588861441,64.66047800583786,374.15804834445845
64.75693460199267,402.4142797356129,64.75343420262246,401.8968168086151
64.97756161016689,379.4336230166817,64.96520809437521,378.76528682968535
66.05740625412021,363.018562273642,65.21252615042759,386.09366365394123
73.15895790675569,324.7901959650284,73.15895790675559,324.79019427109904
74.54462372081144,276.55934923386394,74.54442987389359,276.15458043360815
86.06252490462319,365.7792751814308,86.062524904623,365.77927510573545
94.01865478445656,512.3991835546889,94.01865478445656,512.3991835546889
95.79921266294131,368.1500647289381,95.79921266294131,368.1500647289381
127.4112723435564,450.01743682197844,127.4112723435564,450.01743682197844
136.25762264797183,323.89918624623834,136.25762264797183,323.89918624623834
164.66742574127457,371.34445525196395,164.66742574127457,371.3444552261834
216.6443321361691,290.71126135941006,216.6443321361691,290.71126135941006
218.813147857844,297.93663954861717,218.813147857844,297.93663954861717
291.48799048381386,322.08666227982286,291.4879904838138,322.08666323516087
353.52831810880804,435.60552907948943,353.5283181088078,435.6055298418643
444.4422399778145,524.7126241840327,444.4422399778145,524.7126241840327
450.3254226107511,526.5892026611042,450.3254226107511,526.5892026611042
590.9317645095484,612.2799311378465,590.9317645095481,612.2799310910452
822.8803443456095,1217.683490027418,822.880340274696,1217.695544280215
825.5120311864629,1227.4195455064687,825.5120311864629,1227.4195455064687
46.078059227277734,3000.6527928398077,45.83612712920763,3292.4629923047596
62.317574975445154,162.2268742899671,62.31757493852319,162.22818006612673
65.62057600190565,395.5619929675928,65.61351115838123,392.17455357721394
76.35043824275272,412.6373464500681,76.35043824259652,412.6374648656441
83.59677812487962,4934.41688729923,83.59675171704743,4937.386492387861
89.81715470484535,340.34192518765224,89.81715358423271,340.3814943814646
101.80645006140904,455.57840530898284,101.80645002818716,455.582054717523
106.42353947772267,283.0382735789616,106.42353947772251,283.03826977592166
140.1203620764803,254.39106652917334,140.12036207625619,254.39152055673247
146.75018398764274,291.1877073896667,146.7501839873778,291.1870286200895
159.592474919914,256.3680576416406,159.59247491991388,256.36805759546195
286.68092061093694,433.18494419947893,286.68092061093694,433.18494419947893
308.4991920467511,458.4200708316122,308.4991920467511,458.4200708316122
346.2365964281458,417.6211339094585,346.2332938833037,417.8241740537377
353.52831810880826,435.6055297917231,353.52831810880826,435.6055297917231
449.67359024972416,526.894274024858,449.6735902409565,526.8950358731425
450.32542261075116,526.589202153944,450.32542261075093,526.5892021569935
793.2146413757093,1195.3837771376495,793.2146413757093,1195.3837771376495
822.880340274696,1217.6955444371135,822.8803402746959,1217.695544436292
825.512031186463,1227.4195455064685,825.512031186463,1227.4195455064685
60.78577128706442,231.16468418697625,60.78577128706434,231.16468378037047
62.129923422346266,312.4821475028952,62.12992342234622,312.4821475500835
62.24508930882661,274.43074940495256,62.23210431489005,272.49352975117785
62.69723729604151,269.4346227869243,62.69723729604146,269.43462277786443
65.96776942790711,246.8427979575806,65.96776480539626,246.77508849257737
72.22523740057643,412.7656715551103,72.2252374005764,412.76567121974483
78.84917268701274,460.78864498823356,78.84917268693383,460.7886410855597
83.93269493422176,554.2903179280983,83.93269493422176,554.2903179280983
95.09116097040685,220.60802542848717,95.09111540728821,220.57005612164085
96.03317925165916,231.45212581717237,96.03317925165908,231.45212523632492
136.47668266825528,180.03335087107064,136.47668266825463,180.033355586342
144.85405324678933,289.8760964072409,144.39115236992268,291.2591810687151
149.55434746487785,305.68806018692663,149.55433248258865,305.61920114578874
159.59247491991394,256.3680576414886,159.59247491991383,256.36805696125805
217.85813222062455,303.3048410847771,217.85813222062455,303.3048411682846
218.813147857844,297.9366395274014,218.813147857844,297.9366395274014
353.52831810880804,435.6055292373494,353.5283181088081,435.6055298418673
450.32542261075105,526.589202153952,450.32542261075105,526.589202153952
590.9317935593899,612.3043866586955,590.9317645095481,612.2799310910452
822.8803402747919,1217.6956029108137,822.880340274696,1217.6955446539282
825.5120311864629,1227.4195455064698,825.5120311864629,1227.4195455064698
84.53898812067806,535.2114291813082,79.81821684439805,670.9725040055229
93.28239946981148,264.07706596168913,92.33146252554512,254.659088187921
99.43613957899817,158.85072250519664,99.43613827590913,158.87382499932403
104.77967260992574,255.91758912368329,104.77941860176011,255.8515657138138
105.19525003498795,260.5196641774046,105.19525003497867,260.5196597725248
115.3778339628872,229.1394788870743,115.37782967333129,229.11815788840318
126.37266570766892,393.72269137184315,126.37266570766857,393.7226906596469
140.45648867197522,274.01503366362743,140.4564886415938,274.01524233815013
145.58762001013204,413.17731619361274,142.5210674979495,439.8279495481541
152.62724877769836,214.05110729193572,152.6272487773805,214.05093077642726
167.4372352925111,356.7179089306402,167.4372352925111,356.7179089306402
188.96539763391337,303.49896990949236,188.96539763391303,303.49896972355026
294.5248704884684,445.71368653118935,294.5248701659339,445.71367904004745
312.42123253332477,469.1628978780476,312.4212325333247,469.162897795694
448.08465665323894,530.2938850567423,447.7864866279792,530.4936442517815
453.15808537202025,532.2443502521335,452.35551982614567,535.3786407993348
2.4446876921027522e94,1.2476425405136068e91,5.372951355990213e85,5.465932726627534e82
822.8803402747684,1217.695595341024,822.8803402746966,1217.6955413617814
825.5120311864631,1227.4195455064687,825.5120311864628,1227.419545461772
42.074031571995036,189.46994483426283,41.98334328979017,191.89685287189238
43.45537223970576,495.12223403045135,43.455371755247654,495.11477926320595
54.24420408251191,618.3478959946018,54.24420408109258,618.3470601332895
62.19618947696967,403.4635987839803,62.196189476969586,403.4635988195034
63.4029953385783,432.8633120597884,63.4029953385783,432.8633120597884
76.1014971243435,600.3546216258096,76.1014971243435,600.3546216258096
78.87785770061846,551.8649079587674,78.87785770061845,551.8649057347611
78.88391547121961,551.8595295026506,78.88391547121961,551.8595295026506
112.57480224527518,248.02765993548763,112.57480224527517,248.02765741108794
124.25142220026348,257.2187027892047,124.25142220026348,257.2187027892047
130.28580468424502,355.0363953748708,130.28580468422308,355.0361888536737
132.07206292755964,231.15260474338652,132.07206292755964,231.15260474338652
164.66742574127468,371.344455251934,164.66742574127468,371.344455251934
218.81314785784403,297.9366395272656,218.81314785784403,297.9366395272656
353.5283181088081,435.60552979308693,353.5283181088081,435.60552979308693
450.3254226107514,526.5892021539504,450.3254226107511,526.5892021569939
793.2146413757092,1195.3837771464362,793.2146413757096,1195.3837771059025
822.880340274696,1217.6955444408763,822.880340274696,1217.6955444408763
825.5120311864631,1227.4195455064691,825.5120311864631,1227.4195455064691
54.816750093034166,410.6822077083639,54.77866559957564,409.0424214816002
59.182134832856725,264.7101337776623,58.04994164089289,292.4542920056301
63.55877007497761,377.1107862171546,63.55876768961271,377.05550873018126
67.06603233004152,376.2590297956815,67.06603222274634,376.27169556294984
68.43917371363676,414.69191864154925,68.43917371363676,414.69191864154925
74.9549066752775,338.37389738247333,74.95490667522705,338.37372273839554
78.70445807839572,339.9276731246742,78.70445807839572,339.9276731246742
90.69728121178741,423.32462636885083,90.6966120829534,424.021723122675
93.62431556876659,258.5724707746793,93.62431556876659,258.5724707746793
111.32726583298579,330.04467153398804,105.43050210794276,338.16123060332217
153.18230258526958,221.99949904250082,153.18230258526958,221.99949904250082
184.99039414135814,207.1738163761174,184.99039414135814,207.1738163761174
200.77839547061183,263.6571609008721,200.77839547061183,263.6571609008721
217.85813222062464,303.3048409865396,217.85813222062458,303.3048416375453
218.81314785784406,297.936639527233,218.81314785784397,297.9366401619081
328.91452379963357,460.784115607098,328.91452379963357,460.784115607098
438.00205693441046,509.9966757798694,438.0020569250922,509.99762235735193
450.32542261075116,526.5892021539502,450.3254226107512,526.5892021540676
590.9317645095482,612.2799310910478,590.9317645095481,612.2799310910452
822.8803402746958,1217.69554460588,822.8803402746961,1217.6955444307207
825.512031186463,1227.4195455064685,825.512031186463,1227.4195455064644
NaN,NaN,NaN,NaN
NaN,NaN,NaN,NaN
60.36224720543282,443.9288161515923,60.36222961984517,443.9783909605397
NaN,NaN,NaN,NaN
61.18281197771113,443.0678176007342,61.18281197771115,443.06781781443425
63.42946407165567,450.6044171955419,63.42946407135393,450.60389271299914
72.6863826827408,577.9476378597677,72.68638268273973,577.9476257453834
NaN,NaN,NaN,NaN
78.40932147861804,325.56771848483424,78.40932141332645,325.57457468419875
NaN,NaN,NaN,NaN
80.86120266356724,476.41486807551036,80.86120266356727,476.4148712701069
NaN,NaN,NaN,NaN
NaN,NaN,NaN,NaN
117.40630992774729,443.7635315083289,117.40630992774729,443.7635315083289
NaN,NaN,NaN,NaN
146.75018398737848,291.18699494267497,146.75018398737782,291.18701667260166
159.59247491991385,256.36805764164313,159.59247491991383,256.3680575879263
217.85813231955007,303.30521284364664,217.8581322206244,303.30484115559796
218.813147857844,297.9366395149076,218.813147857844,297.9366395149076
353.5283181088082,435.6055297930139,353.5283181088081,435.60552979301076
449.6735902497398,526.8942735760568,449.67359024095646,526.8950358696092
450.3254226107512,526.5892021539463,450.32542261075116,526.5892021569935
793.2146413757094,1195.3837771376488,793.2146413757094,1195.3837771376488
822.885245905262,1217.2772849149555,822.8803402746959,1217.695544615026
825.5120311864628,1227.4195455064682,825.5120311864628,1227.4195455064682
78.03534339168212,632.8255934101805,77.61774562059742,643.5137160418631
104.08387772866438,262.6832531261219,104.08387772864874,262.6833094894655
113.13219091136459,505.8459579492203,112.96349754827843,511.77134684709785
118.14834931676889,410.02898687681613,118.1483442361444,409.91740846785086
125.61767934495012,562.3472156510998,125.61767934495012,562.3472156510998
132.7277501079826,348.4600332164212,132.72775010589444,348.46152366850083
134.50473225562573,738.3795513425977,134.50473225562573,738.3795513425977
142.1526780275107,1305.4749563639796,136.370447316057,792.7331663670151
151.16228017077017,257.63800809543926,151.16228017056093,257.6383320241736
156.7821478472989,255.58335200232926,156.78214784558384,255.58432306907517
202.12081345559142,905.1181048340354,202.1208134555914,905.1180953826193
308.49919204675115,458.420071025601,308.49919204675115,458.420071025601
346.2332938833039,417.8241739259638,346.2332938833039,417.82417506083686
353.5283181088079,435.6055297930045,353.5283181088079,435.6055297930045
450.32542261075116,526.589202153947,450.3254226107513,526.5892021569936
793.2146413757092,1195.3837771376552,793.2146413757092,1195.3837771376552
823.4972482179173,1218.9163207151998,823.4972482179173,1218.9163207151998
825.512031186463,1227.4195455064669,825.512031186463,1227.4195455064669
68.89209783066791,159.66924716156117,68.89209783066791,159.66924716156117
69.19550035777904,161.55691895363,68.83133564578867,159.992057390871
81.43038126540414,1313.9014922703911,79.3386093849642,1184.5160294907926
86.75769834630671,224.41673427124238,86.74943121352392,224.04112334852957
92.47579893568944,224.72608439475064,92.47579893568944,224.72608439475064
108.93280260903421,192.02821965333584,108.92482340247817,191.29362892266911
110.4355035483503,192.72280574485399,110.35085502570381,193.18171267866109
114.39110202010956,362.00596963800666,114.39104532049899,362.2597493047976
114.58226703321151,370.33209892852966,114.58226703321148,370.3320968913849
127.10282096543928,449.3184291247084,127.10282096543928,449.3184291247084
145.19647583589003,237.9975475787839,145.19647583588846,237.9975272794837
153.18230258526955,221.9994990438211,153.18230258526955,221.9994990438211
200.77839547061188,263.6571609540355,200.77839547061188,263.6571609540355
218.813147857844,297.9366395272931,218.813147857844,297.9366395272931
341.10922930177685,403.9417598878235,341.10922930177657,403.9417598877329
353.52831810880826,435.605529807502,353.52831810880804,435.60552993379486
438.00207706593653,509.9536320913841,438.0020569250921,509.9976222923319
450.325422610751,526.5892021539494,450.3254226107512,526.5892021569938
644.5974983950667,697.1140196560032,590.9317645095481,612.2799310910453
823.4972482179176,1218.9163207151971,823.4972482179169,1218.9163206917601
825.5120311864628,1227.419545506468,825.5120311864628,1227.419545506468
51.46644982428818,260.72962118936994,51.441831476779896,260.2133272575375
59.477658980315574,389.51232267414184,53.53848892860989,392.4627121894677
59.910928425719305,283.2704299190227,59.90488737373749,281.65568435543145
74.7269261136025,347.6646500197993,74.7269261136025,347.6646500197993
74.92547663319927,393.7173029864055,74.92547663319905,393.7173023365699
93.09278750581963,317.0798627378399,86.74436300203762,357.47613193060977
102.90045148437655,270.7813462837935,102.90045148437655,270.7813462837935
105.2707177973906,283.2314016565012,105.2707177973906,283.2314016565012
105.45864158135637,271.6767149761552,105.45864158135639,271.676714975854
109.54133331283353,207.97081892942913,109.54133330856781,207.9699283073341
115.07773375491826,224.72749557253866,115.07773302717617,224.7280419716346
118.22243433786142,252.68226809738618,118.22243433785998,252.68227878260828
149.87307520017626,280.57892204702716,149.8730752001761,280.57892015413614
164.66742574127468,371.3444552883644,164.6674257412746,371.3444545717438
185.4477015700715,551.7987768362094,185.4477015700715,551.7987768524271
265.25767046707557,401.07299351450183,265.1512099827616,395.0115980488938
308.49919204675115,458.4200688037734,308.4991920467511,458.4200709928219
346.23332691158987,417.7987105248814,346.23329388330393,417.8241746499917
353.52831810883254,435.6055736618057,353.5283181088081,435.60553057481405
449.59953758769444,520.9975535409528,449.59953758769444,520.9975535409528
450.3254226107511,526.5892021844871,450.3254226107511,526.5892021844871
590.9317645095482,612.2799310913207,590.9317645095481,612.2799310910452
822.8803787657529,1217.658479105227,822.880340274696,1217.6955439464102
825.5120311864631,1227.4195455064696,825.5120311864631,1227.4195455064696
54.24172361923983,244.95234916321812,54.10025554530268,244.32602334429527
58.25818404536686,437.3556135932957,58.08176014246255,445.20076967353924
58.40818743216685,424.49953069229684,58.40752346423135,424.5835012763602
60.721110608061295,470.31104417134213,60.45476150295864,459.36236134226544
69.81615267218912,334.7541556374729,69.81615267218912,334.7541556374729
70.32230726689306,322.90497873744573,70.32230726689306,322.90497873744573
80.83608620101171,379.64190445303956,80.83608620097972,379.64185556845524
84.59051079291633,429.55042436753047,84.58857422698662,429.08254479248296
85.36536786485878,393.9487592031235,85.36536786485878,393.9487592031235
117.77899797784643,394.89764957496175,117.77899797784636,394.8976477628355
129.46905921205604,431.24115670131505,129.46905921205598,431.24116370488576
136.1070952950868,320.8535262815887,136.10709529504572,320.8534511474828
146.75018398737782,291.187027325371,146.75018398737782,291.187027325371
200.77839547061183,263.6571609177543,200.77839547061183,263.6571609177543
217.85813222062453,303.3048411191754,217.85813222062458,303.30484115234697
218.813147857844,297.9366395273995,218.8131478578441,297.9366401609905
353.528318108808,435.6055297930048,353.52831810880815,435.60552984187626
450.32542261075133,526.5892021539477,450.3254226107512,526.5892021569935
793.2146413757092,1195.3837771377075,793.2146413757092,1195.3837771377075
822.880340274696,1217.6955444348835,822.8803402746961,1217.6955444410448
825.5120311864631,1227.419545506467,825.512031186463,1227.419545506464
59.32812190995645,443.4236404114162,59.32810900709071,443.319364731668
79.50754757751642,256.9084229783442,77.95032911312154,234.6048372127489
86.30423711259849,334.5859144632746,81.88509152888328,264.33441245436654
86.77033804255598,333.9021474140866,86.65638121834873,335.3007623194422
88.38482240706891,475.85156050509636,88.32544435866352,477.5490146357451
91.08232046749218,329.6919946876917,90.9960308304581,334.3638382879466
92.33232148200956,316.231364346102,92.10892307350281,322.2492489676945
93.68725355837938,301.4174004239987,93.6871654068815,301.7334914926718
93.92709221155319,350.1025260810792,93.92707961754472,350.210094155706
107.38458455941009,438.9133837018843,107.38390103766775,439.33818997884913
108.60319056344399,334.86333102540976,108.60317483178035,334.98644541902604
117.40630992774739,443.76353254678736,117.40630992774739,443.76353254678736
126.15917143776534,224.91318754817155,126.15917143776534,224.91318754817155
138.91503749754682,255.12895142622523,138.91503749754668,255.12895132957934
152.6272487773809,214.05093229679835,152.6272487773808,214.05093226254934
167.43723529251125,356.7179088475642,167.43723529251125,356.7179088475642
188.9653976339136,303.49896990950526,188.96539763391337,303.4989696527075
291.487990483814,322.08666227504045,291.487990483814,322.08666227504045
312.4212325333251,469.1628978790739,312.42123253332494,469.1628975441144
438.0020569250926,509.9976174695536,438.0020569250924,509.9976223691292
450.3254226107511,526.5892021539498,450.325422610751,526.5892021661377
590.9317645095482,612.279931091045,590.9317645095482,612.279931091045
822.8803403324176,1217.694109035015,822.8803402746958,1217.695544756845
825.512031186463,1227.4195455064669,825.512031186463,1227.4195455064669
67.55786817110928,345.1647491876211,67.40563263655089,359.6651870415803
69.04308004436383,326.09247247293865,69.02742902717414,324.7863604299829
80.33206657795147,250.88858016042263,80.33205487853749,250.85596564344698
85.44136029950185,379.0389058336606,85.4413602995018,379.03890416163864
98.74613701710268,332.2909779539558,98.74613701710265,332.29097771784154
103.46184412800552,332.49545095207884,103.46184412800552,332.49545095207884
132.07206292755973,231.1526041848008,132.07206292755973,231.15260417493485
164.66742574127463,371.3444553728067,164.66742574127463,371.3444553728067
217.85813222062453,303.3048410959876,217.85813222062453,303.3048410959876
218.81314785784386,297.9366394014635,218.81314785784386,297.9366394014635
313.68655349070195,443.8099847258455,313.67834168884684,442.9101404659682
353.52831810880804,435.60552979300684,353.52831810880804,435.60552979300684
419.495540940775,539.2143388678229,418.1970985370921,533.3051972372039
450.3254226107512,526.589202189631,450.3254226107512,526.589202189631
793.2146413757093,1195.3837776980663,793.2146413757093,1195.3837776980663
822.880341411903,1217.6891732194736,822.8803402746959,1217.6955443559077
825.512031186463,1227.4195455064691,825.512031186463,1227.4195455064691
63.63271760187083,987.8635795782008,63.24841845692517,1106.414713848219
69.28344098832156,244.94603414195797,68.96173762626312,252.75898213891293
73.88093770782406,483.93464558064653,73.88093770782407,483.9346459889645
77.80999725485538,503.72389185308936,77.6610966536776,453.56626643660763
79.05061141546807,544.4056013223942,79.05061140018407,544.4056595502844
83.91259925711125,406.4792701183786,83.91259925708903,406.4794557281904
95.51427131505912,460.4599696873432,95.5142713148069,460.4597965114429
102.7740102805048,430.26879886127887,102.77401028050473,430.2688040854151
115.25065782849167,902.3932118185247,115.25065782849128,902.3931550336027
116.89369674604276,888.9385438713407,116.89017046901218,894.2095788014569
137.53587689227885,1097.5560539188061,137.53587689227885,1097.5560539188061
140.09838205580638,659.2372296429336,140.09838128876274,659.1558686934749
146.7501839873778,291.1870280138717,146.7501839873778,291.1870280138717
159.59247491991385,256.3680576398057,159.59247491991385,256.3680576398057
212.8273595380766,288.04274636487924,212.82735953807654,288.04274639463813
218.81314785784392,297.93663952739905,218.8131478578438,297.93663953189025
346.233293883304,417.82417391907416,346.233293883304,417.82417391907416
353.52831810880804,435.6055297929647,353.52831810880804,435.6055297929647
415.48701358164976,534.5693032213773,415.4870135816495,534.5693032188544
450.3254226107511,526.5892021543314,450.32542261075116,526.5892021569936
590.9317645095481,612.2799310961002,590.9317645095481,612.2799310961002
822.8864370078402,1217.2292905188444,822.8803402746961,1217.6955446550803
825.5120311864628,1227.4195455064687,825.5120311864629,1227.4195447913544
46.09418260868042,301.1700060187962,45.3858914734894,284.6770632201656
51.14802547846103,239.24299494778285,49.974384085828156,384.49748200274223
56.95765030609463,275.3309366032438,56.72859603690392,278.4417110505873
69.99447020604813,275.04377606486406,69.5481928579528,278.3235991033264
88.0014946881684,300.50832962895635,88.00147097055076,300.42609544585474
94.7562914689433,399.73189681703593,94.7562914689433,399.73189315211033
103.15764353693851,340.39362044400787,101.11251491896378,329.2478924659303
118.14836059555796,409.785394872386,118.14836059555796,409.785394872386
118.16863727577804,411.09428090508993,118.16863727566226,411.09470217377844
125.68000653535184,498.5558252831326,125.68000653535135,498.5558653438405
126.19285033165995,352.130147578416,126.19285033165995,352.1301457078192
143.44082417384215,475.8991694416791,143.44082417384203,475.89916939505565
155.80697834573348,430.1896716600415,155.80697834573354,430.1896705122854
167.43723529251142,356.7179097790839,167.43723529251122,356.7179086127188
188.96539763394114,303.4990226962216,188.96539763391345,303.498968986968
312.42123253332494,469.16289787955753,312.42123253332494,469.16289787955753
415.48701358164976,534.569303208677,415.48701358164976,534.569303208677
450.3254226107512,526.589202153948,450.3254226107511,526.5892021569935
793.2146413757088,1195.3837771377168,793.2146413757088,1195.3837771377168
822.8825879127793,1217.4123857790107,822.880340274696,1217.6955446739657
825.512031186463,1227.4195455064698,825.512031186463,1227.4195455064698
49.735652196039524,1012.9399277215558,49.735652196039524,1012.9399277215558
52.86548651563496,44496.2067246579,52.86548595057552,44699.45319868978
55.671175954001434,418.86072577894777,54.696931922120605,357.1267988584048
57.78939196013516,431.5383952194865,55.55338474843055,350.69359355427184
60.18475130074365,725.7497670653563,55.73630486472838,582.7960999934984
64.06052313531582,242.0247543593664,64.06052313316101,242.0244805021693
78.65218778177753,285.63556184374943,78.65164646885025,285.6008464604498
79.37688136977611,264.77362597052297,78.07877851732103,268.5225979752043
83.62715916847203,376.5969986540935,83.52255112105253,363.7294557298882
83.75476443911285,312.21133087752776,83.65675472767656,298.62664870546456
94.84449049270883,395.25021019845457,94.8444904829905,395.2498119753062
96.07506315753196,284.054179656017,96.07505958098942,284.0156583874272
97.79139240735691,306.13521742057856,97.79139240735691,306.13521742057856
103.54644732652231,262.32107547399914,103.54644732648555,262.32112929125594
115.97317045652552,248.51051070898922,115.95210371001528,248.263594356944
119.4169694292365,250.30888149601492,119.41696942923522,250.30887873996724
120.16545813081741,461.6131671353764,120.16545813081741,461.6131671353764
155.49858278499497,345.83422122663103,155.16519513377148,348.4250448404664
156.7821478457103,255.58406140013005,156.7821478455838,255.5843222373266
245.72438442964244,358.7126241032264,245.72438442964238,358.7126245698799
291.44888879901754,442.6421387392181,291.44888879901754,442.6421387392181
300.24211432977614,320.38304906764387,300.2416743290393,320.4405454897176
331.55733055922383,438.49167083818634,331.55733055922406,438.4916708876449
345.47020106748187,429.1774658687854,345.47020106748187,429.1774658687854
353.52831810880804,435.60552979300604,353.52831810880804,435.60552979300604
438.00206110565995,509.9775757409054,438.0020569250919,509.99762205736903
450.32542261075105,526.5892021535888,450.3254226107506,526.5892021486347
793.2146413757092,1195.3837771382553,793.2146413757092,1195.3837771382553
822.883969010977,1217.3357902881764,822.8803402746959,1217.6955447400094
825.512031186463,1227.4195455064676,825.512031186463,1227.4195455064676
59.91169265177064,354.6977276280835,59.680270207728924,353.4077946973263
60.41182807103197,350.7726169687993,54.306146822032424,351.8194457365533
66.00189348829258,406.08886151545414,66.00189348829258,406.08886151545414
91.9070270676042,271.6706881552458,91.9070270676042,271.6706881552458
93.30583777832355,308.8968020418885,91.90895727364452,315.2870592249486
102.57485366237543,348.2540105939013,102.5748536623754,348.25401315902707
102.67684926792133,263.2587130261147,102.67639921831619,263.06718169554665
105.18006673035536,293.53942468229747,105.18006665703143,293.54474883697947
134.39743596799568,262.94767028306114,134.39743596489626,262.9466231700693
137.46784176843772,422.56804851342406,137.46784176843772,422.56804851342406
164.66742574127463,371.3444552580517,164.6674257412746,371.3444551352004
212.8273595380764,288.0427463697887,212.8273595380764,288.0427463697887
218.81314785784394,297.9366395274012,218.81314785784394,297.9366395274051
308.24745945427924,459.7344226163326,308.2474594542444,459.7343611361747
353.52831810880804,435.60552979300644,353.52831810880804,435.60552979300644
415.48701358164976,534.5693032654838,415.48701358164976,534.5693032654838
450.3254226107514,526.5892021539503,450.3254226107513,526.5892021569935
4.157239861505399e27,6.751597468971196e26,1.045444268572065e19,2.5349592160556877e18
822.8803403329089,1217.6941029401257,822.8803402746961,1217.695544758191
825.5120311864631,1227.41954550647,825.5120311864631,1227.41954550647
45.49238944824914,443.1020103080792,44.45527918956759,441.05633622562755
76.03747272903273,568.163784731724,76.03747256308846,568.154127650253
77.34021140004744,542.7237025398651,77.34021140004485,542.7237310965664
80.70109405278393,492.68552496606605,80.70109405278387,492.68552329959016
80.76719489336111,489.7378385067786,80.76719489336111,489.7378385067786
113.40016489281965,339.7853238559035,113.40016489281965,339.7853238559035
113.69951103507162,316.64658761433594,113.69951103507162,316.64658761433594
119.34774562249571,225.4194044332074,119.34774562249571,225.4194044332074
127.40242084857343,233.20916512495762,127.40177227854181,233.2443659817106
128.8201191162716,221.11119588737176,128.8201191162716,221.11119588737176
140.70688021891024,293.6112495965013,140.70688021891024,293.6112495965013
159.59247491991388,256.368057641642,159.59247491991385,256.36805652692163
208.73180576444207,280.24798808715707,138.11589946857194,210.0538991768617
218.813147857844,297.9366395273995,218.81314785784403,297.9366395274639
346.23329388330393,417.82417213465374,346.23329388330393,417.8241750593506
353.5283181088082,435.6055297930051,353.5283181088082,435.6055297930051
449.5995936582313,520.919819917966,449.5995375876946,520.9975542947504
450.3254226107511,526.5892021640803,450.3254226107511,526.5892021640803
786.9561685479634,853.5610128178286,786.9561676206931,853.5588675230304
822.8825891492645,1217.4123079286044,822.8803402746959,1217.6955446740337
825.5120311864632,1227.419545506468,825.5120311864632,1227.419545506468
60.502744155960876,357.25908431453166,59.82428901303997,351.8295831638883
66.06297410522922,283.48629707065345,55.63834717671426,379.7627886359277
70.0914498252074,288.05274499943647,70.09144982520722,288.0527349423034
71.85367704301589,347.92744908914443,71.85367704246515,347.9263159215617
89.17156632689507,398.150223598393,89.17156632689507,398.150223598393
92.45647917343749,389.85820408822565,92.45637987593351,389.630466440926
108.68579832825854,385.5181322774328,97.02578635461992,440.25367558332005
115.39167593172641,324.63493219660705,115.39167593172641,324.63493219660705
129.70775584124158,466.4321969090252,129.7077558412414,466.4321967570485
143.6446697849721,262.68492935890333,143.64466978497168,262.68494568143285
145.94023059354686,269.78897122219723,145.9402305935468,269.78897059928784
162.4505877925133,436.86725197269163,162.450587792513,436.86725197246886
216.11437980152016,298.9825905515977,216.11437980152016,298.9825905515977
289.6141119025056,433.58156394897037,289.6141119025056,433.58156394897037
308.49919204675103,458.42007127203664,308.49919204675103,458.42007127203664
341.1092293017768,403.94175988778176,341.1092293017768,403.94175988778176
353.528318108808,435.6055297930068,353.5283181088079,435.6055299337958
438.0020569250925,509.99762227172414,438.0020569250925,509.99762227172414
450.3254226107511,526.5892021540052,450.3254226107511,526.5892021540052
793.2146413757096,1195.3837771376498,793.2146413757096,1195.3837771376498
822.880340274696,1217.6955444370353,822.880340274696,1217.6955444370353
825.5120311864629,1227.4195455064696,825.5120311864629,1227.4195455064696
54.00536112788635,442.42547688754337,54.005361127221484,442.4255188646356
63.64129384363826,331.61346037581217,63.267157090911226,326.31860031426856
67.81288584922864,339.8991571264231,66.04770672438569,324.76827414415243
72.36216961556335,378.6475413073907,70.54051119782632,399.5758943720597
79.23763669601756,373.3540841978677,79.23763669601756,373.3540841978677
85.61879838811033,691.1975828138471,85.61879100425072,691.0548222296798
94.44423424584643,580.2340442726935,94.4442342458462,580.2340423058913
100.90261759917185,378.6108704173016,100.9026156716515,378.6070245510518
119.91374351116565,1004.8768257501323,119.91352363980421,1005.5371415136519
121.38483677654284,1124.7061505237791,121.38483677590882,1124.7016387268768
133.2540419302236,741.9241321654739,133.2540419302236,741.9241321654739
133.44014694511318,653.0902446061203,133.44014691673627,653.0928267773203
136.1820506989518,355.2575715979903,135.84290378929757,382.2368360843772
146.75018398737913,291.18697990492376,146.75018398737777,291.1870279344515
164.66742574127463,371.3444552573264,164.66742574127463,371.3444552573264
212.8273595380765,288.0427465492281,212.8273595380765,288.0427465492281
291.4488998743101,442.65873472485583,291.44889987431003,442.6587346201343
328.91452379963323,460.7841158205548,328.91452379963323,460.7841158205548
353.5283181088081,435.6055296406896,353.52831810880787,435.60552979300576
450.3254226107511,526.58920215401,450.3254226107511,526.58920215401
793.2146413757091,1195.3837771376514,793.2146413757091,1195.3837771376514
822.8803413887355,1217.6892384517985,822.880340274696,1217.695545829201
825.512031186463,1227.4195455064691,825.512031186463,1227.4195455064691
53.04803675249029,675.2232264984804,53.04803675233352,675.2219783146372
56.53035789904426,351.17679265942525,56.53035789848081,351.1764400021675
58.72286370116653,367.07337296351375,57.97482414117982,356.45178436196363
60.26226852665729,373.051284808744,60.26226845913282,373.06040598128675
64.49012850905795,328.14396500325586,64.490128509056,328.14394873338233
96.03589386375668,369.29551512489695,96.03589386375668,369.29551512489695
105.36472330058572,375.18051014718174,105.23326375457339,375.38700426647705
112.37713384231499,186.0159318602894,112.37020218493016,185.7471123789997
114.50287370379237,343.1483570520885,114.50287370373968,343.1484332041175
114.84051954829486,346.37805888759095,114.84051954829486,346.37805888759095
126.66287899941413,240.91835480774134,126.35660179287642,236.31973108453678
131.73036165411682,249.77130815715032,131.73036165411673,249.77130721890998
134.39743596489632,262.94662366259905,134.39743596489632,262.94662345299935
143.4408241738421,475.8991694189119,143.4408241738421,475.8991694189119
164.66742574127468,371.34445525193587,164.66742574127468,371.34445525193587
259.9134051599002,387.24311328797427,259.9134051599002,387.24311328797427
324.2595210866218,415.65628607068885,324.2595210866218,415.65628607068885
337.44419901424044,467.4391235657449,337.44419901424044,467.4391235657449
359.79639920596685,463.2624496102229,359.79639920596685,463.2624496102229
456.269114137391,543.8365902518119,456.26911413739094,543.8365903343921
793.2146413757092,1195.3837771377077,793.2146413757092,1195.3837771377077
822.880340274696,1217.6955422477447,822.880340274696,1217.6955422477447
825.5120311864632,1227.4195455064703,825.5120311864632,1227.4195455064703
56.03039936937697,1440.7587023254082,56.03038976502848,1443.497046738123
70.27861542797952,514.5825036174626,68.86297786577444,476.23052548475704
75.45418051935596,622.8560625949464,75.44707501016669,622.8083843811214
81.50444027603542,575.1147917664251,78.79653313156732,583.7149196591222
82.69599506131243,377.00626988414865,78.99755219274263,404.48701370785255
85.14846622246465,375.6332514675519,85.14846622246198,375.6332892958151
91.6145051906379,700.6962297838585,91.61450459891091,700.693454645308
92.9878465159093,396.85585724309965,92.98784651590918,396.8558575649994
95.31255201865022,357.0075098821247,95.31255201803442,357.00824372448494
124.870812612363,324.5069867803709,124.87081261236288,324.5069862249141
143.44082417384212,475.8991694041348,143.44082417384212,475.8991694041348
167.4372700201612,356.70583770989,167.43723529251125,356.7179086518841
218.813147857844,297.93663952929234,218.81314785784403,297.9366395292256
353.52831810880815,435.6055297930061,353.5283181088082,435.6055298418763
450.325422610751,526.5892021553751,450.325422610751,526.5892021553751
793.2146413757091,1195.383777138004,793.2146413757091,1195.383777138004
822.8827895149699,1217.3999637025113,822.8803402746961,1217.6955446845707
825.512031186463,1227.4195455064682,825.512031186463,1227.4195455064682
55.08050924353966,567.3358472947874,54.19169196614192,582.2586841048243
62.06560776783512,386.49706717060457,60.62855614369049,435.1283321866027
64.23352386822542,348.1553937521343,64.23343916541178,348.25551570098384
65.65078871541387,328.9202660961379,65.65078871541377,328.92026596791004
67.76867123599457,378.70973257662286,67.76009328300943,376.9346518295552
76.26186389831274,323.4055819744357,76.26186363364532,323.40165280676416
84.06204905650448,398.3681609162007,83.81152185102472,384.7574847583469
84.50884420726464,432.5876701649039,84.43161660261018,430.3919568741017
84.72374499006625,411.7227794750705,84.72374498998991,411.72278296874896
100.51083980544455,396.29508957752694,100.51083944528781,396.2831237672532
116.522279923936,294.0439330478389,116.52227991359389,294.0449571980802
119.69099813454552,353.30578263139955,119.69099813454544,353.30578264051076
142.38629789381815,296.3219742906218,142.38629789381818,296.32197587926737
153.09859849979833,292.8564390354699,153.09859849979833,292.8564390354699
158.47458745055698,235.2461254240805,158.47458745055698,235.2461254240805
194.83702293324913,588.0211849519677,194.83702293324913,588.0211849519677
300.2417711733853,320.4719090994276,300.24167198677014,320.4480303973629
308.49919204675103,458.42007111075776,308.499192046751,458.42007111908447
346.23329388330393,417.8241737972087,346.23329388330365,417.82417506074376
353.5283181088081,435.6055297930069,353.5283181088081,435.6055297930069
444.4422399778145,524.7126241840931,444.4422399778145,524.7126241840931
450.3254226107511,526.5892021785309,450.3254226107511,526.5892021785309
590.9317645095481,612.2799310910559,590.9317645095481,612.2799310910559
822.8803402746959,1217.6955426426614,822.8803402746959,1217.6955426426614
825.512031186463,1227.41954550647,825.512031186463,1227.41954550647
45.28396773461938,150.75579706928158,45.2839675247817,150.75845011259736
49.097989963762274,298.18404405198737,49.09798331060263,296.6633015512932
54.63074264967113,285.03095982393324,47.81745633748839,315.6838050658007
55.779233165457335,272.01562999702213,55.77923192315132,271.9721309575926
67.90521251686732,242.52480542998848,67.90521251686732,242.52480542998848
71.4819562291451,234.1020264250413,71.2539993339809,229.87177181157506
81.84551352434677,419.7539852562033,81.844805797741,420.30133262600197
102.28996268810643,369.8093042128476,102.28996268650761,369.80994473373664
119.97047792956346,207.34817175907088,119.97047792956346,207.34817175907088
135.84290378929148,382.2369445123491,135.84290378929148,382.2369445123491
143.44082417384215,475.89916937409316,143.44082417384215,475.89916937409316
159.59247491991394,256.3680576417186,159.59247491991388,256.36805715228223
218.81314785784394,297.93663952740206,218.8131478578439,297.9366400589043
333.27198647774696,364.57147889568716,333.2719864777452,364.57149726079217
353.52831810880804,435.6055296092352,353.52831810880804,435.6055296092352
450.3254226107512,526.5892021549479,450.3254226107512,526.5892021549479
1.440479642425435e70,5.031178662770903e67,3.242599368240237e61,2.23172103273097e59
822.8803404354888,1217.6931487095342,822.8803402746961,1217.6955449683292
825.5120311864633,1227.419545506468,825.5120311864628,1227.4195455060212
56.95477566797365,443.76223989970504,56.95477566797359,443.762252643004
58.39368706573032,526.0739430589631,58.39368706350262,526.0708667806233
62.22611162250835,635.8811677051191,62.22330290968703,635.8558039916397
69.53665428035632,546.6259675267136,68.86304952319088,547.3968372691667
75.6748300608433,558.0732822349926,75.67483004242594,558.0817040354342
83.06146303630119,553.5798699113207,83.05419710141875,551.3375893547263
91.26353245150987,426.78195778447025,91.26353245134074,426.78226662408434
93.8044281900918,274.7769184674945,93.80442819009173,274.7769160936501
105.70381596105983,362.1767110164152,105.70381586576019,362.1791625343956
107.62743556617853,492.0933224221342,107.62743556617853,492.0933224221342
109.9596281755147,377.1424226051757,109.95962817550884,377.14241696251213
110.86505559189524,414.194370518924,110.86505559189524,414.1943670051918
110.99051723572315,389.8298837568133,110.99051723572315,389.8298837568133
117.67161859446234,370.4164874606275,117.6716185944623,370.4164859830509
142.47643674686597,320.65574128019165,142.47643674686597,320.65574128019165
156.7307964055477,244.88413386353326,156.7307964055477,244.88413386353326
198.4032812604162,274.30523776413946,198.4032812604162,274.30523776413946
200.7783954706118,263.65716074854896,200.7783954706118,263.65716095442514
283.00674308072706,376.54811799006706,283.0067430807271,376.54811846908655
331.5573305592239,438.491670839833,331.5573305592239,438.491670839833
353.528318108808,435.6055297930055,353.528318108808,435.6055297930055
449.5995429981696,521.021724838527,449.59953758769433,520.9975545207884
450.32542261075116,526.5892021539493,450.32542261075116,526.5892021539493
793.2146413757093,1195.3837771376488,793.2146413757093,1195.3837771376488
822.8803402746959,1217.695543922287,822.8803402746959,1217.695543922287
825.5120311864628,1227.4195455064669,825.5120311864628,1227.4195455064669
57.12327097520283,648.3724509764753,55.734818182895445,663.0000707573184
62.83355006878439,665.8699487216369,60.46148895814972,704.1978633861816
86.86695922954159,412.7126799853855,86.84454379070553,412.58052047498614
103.269184660784,289.12871434795795,102.79319578855585,292.26157286593224
103.60355004920635,236.92431388782563,103.08422343472624,248.4226623128904
104.25977744802867,321.5145162460102,103.19975117132016,323.7894883448632
108.25149431318664,298.84943942044964,108.25149419498356,298.8510447763284
109.19036751142765,424.12901419374526,108.59186853865407,434.08440643099925
116.04497083763032,203.36303117026392,108.04167805088638,192.18033024720586
121.5234248549294,283.8217406331512,121.52103261794315,284.62958779699835
122.91203784561618,211.72114652126663,122.91105369789719,211.78961731975784
125.06841502281938,238.81184938021136,125.0684150228193,238.8118495699443
136.81226720152895,267.70116632482296,136.81226720152895,267.70116632482296
156.73079640554772,244.88413427309717,156.73079640554772,244.88413427309717
200.7783954706118,263.6571608992692,200.7783954706118,263.6571608992692
218.81314785784394,297.9366395274044,218.81314785784394,297.9366395274044
346.23391748049426,417.7225239697108,346.23329388330393,417.8241741193749
353.52831810880804,435.6055297930061,353.52831810880804,435.6055297930061
419.8752115512826,540.0308873735172,418.2920781407988,532.6528351982003
450.32542261075116,526.5892021543441,450.32542261075116,526.5892021543441
793.2146413757094,1195.3837771376632,793.2146413757094,1195.3837771376632
822.8803465743129,1217.680549119331,822.8803402746962,1217.6955477408496
825.5120311864628,1227.4195455064685,825.512031186463,1227.4195447913544
49.101433180126584,223.75800594263825,49.10140574420117,223.76568782586804
51.20915221741313,205.5747113272223,51.07577015284345,210.06233053592683
52.29857490879702,238.3072364155248,51.41813383830097,194.75411678264405
52.357029607296916,202.03185415212573,52.35702733891534,202.04485455103801
52.983942779289166,271.61277212952587,48.664237167529734,538.925456343679
56.57275689017044,197.01527820658524,56.57136728874315,197.4459805468812
56.62729523948691,426.03375745226117,51.921168697041,806.0596970500012
62.01855483761315,239.62223774154458,61.35998065459042,241.54527768251472
75.0733949008548,748.0174837255422,73.95896679428076,755.4574982262196
82.58265377239304,492.0473208651589,82.09978230805397,485.80734024908514
82.86020085491953,500.6640762608676,82.86020085491559,500.66398893640076
83.63920883662433,484.73336177471305,83.63765259466327,484.47375910106206
99.15480009844342,493.3944945165372,99.1547920545353,493.3650829217236
102.45065661047548,539.343557480926,102.45065661047548,539.343557480926
111.47676293981944,217.24961316828828,111.47676293336855,217.24897089115177
143.44082417384215,475.8991698497558,143.44082417384215,475.8991698497558
162.94733188597286,272.02275521386275,157.84864515969844,253.18058486834767
214.65393402794447,641.1079970095857,214.65393402794402,641.1079898644396
293.44809732395055,446.23662539553084,293.44809732395044,446.2366240619104
328.9145237996337,460.7841158205671,328.9145237996337,460.7841158205671
438.00205692509195,509.9976223792208,438.00205692509195,509.9976223792208
450.3254226107509,526.5892021062893,450.3254226107509,526.5892021062893
793.2146413757094,1195.3837771452102,793.2146413757094,1195.383777105903
822.8822482907724,1217.4346476063552,822.880340274696,1217.6955427344706
825.512031186463,1227.4195455064698,825.512031186463,1227.4195455064698
63.78295448863526,771.3285711820795,63.740982690226076,771.3053333305232
68.5338186281948,419.8524440248836,68.53381861991292,419.8499190465058
69.8508232465936,365.0778461456592,69.85082324659332,365.07785212211695
74.56526740721463,361.03171361963666,74.5652674072142,361.0316911746604
77.74911264725988,457.33758353149153,77.7491126472599,457.33759438326445
82.27212651630622,679.2161503987645,82.2721265163062,679.2161500765575
96.03317925165918,231.4521260539255,96.03317925165915,231.45212541696498
125.9413110096641,359.353877004878,125.9413110096641,359.353876983359
135.65002124097958,618.2738151033041,135.65002124097956,618.2738157482632
143.44082417384217,475.8991682613583,143.44082417384212,475.8991689242061
164.6674257412746,371.34445525240295,164.6674257412746,371.34445525240295
214.65393402794402,641.1079899248367,214.65393402794402,641.1079899248367
328.9145237996337,460.78411614420196,328.91452379963357,460.784115571372
438.00205692509184,509.9976223792178,438.00205692509184,509.9976223792178
450.32542261075133,526.5892021624533,450.32542261075133,526.5892021624533
591.1626620412006,610.3589967299711,590.9317645095481,612.2799310393167
822.8805931064823,1217.6005549339654,822.8803402746958,1217.6955445174922
825.512031186463,1227.419545506469,825.512031186463,1227.419545506469
